995
37291;14860383476;2996.91
57183;48423444622;9214.65
43510;60960477471;372.27
11193;76603035577;8651.71
29841;89380202075;3435.17
90749;61660700529;5479.11
16169;15612561836;1678.95
53461;23675703837;8099.56
83294;88881150124;9107.12
31088;51119446648;901.04
44763;61195345045;4387.89
37305;75987253893;9200.1
17416;29427174325;3009.91
42280;78247692007;2116.06
36066;70332384629;8192.35
13686;77874223701;4188.99
41041;40145570535;1229.41
28615;96852025400;2862.64
53476;86429063193;8112.49
58449;93343452476;3496.84
94497;44390564051;9807.74
95741;76968400379;7419.93
84555;79191173869;8371.87
68396;60256702532;3435.16
53477;39919548207;8059.63
39810;30343104565;7111.13
21160;29137649208;8627.69
60943;32496293685;3035.2
44784;74870894540;5581.63
36084;99705269592;4523.28
59703;28664598243;1288.68
73377;24168068887;2036.24
74620;76908963150;1363.52
68407;65303242141;1036.05
31116;63497914585;9294.9
14956;42952207204;3681.33
77111;60376812767;3210.22
18690;95636954414;3976.03
34851;67470896971;4187.93
65930;25502980133;906.43
38585;74017653988;2875.43
14970;17957698090;6759.18
18700;11694300924;6119.44
69667;35250368727;4481.76
10004;87986426714;1874.44
80859;68780629295;4228.87
60972;26380044291;7808.98
32384;43257194097;3996.61
67192;57089190928;1140.2
46061;53300715471;5460.99
23687;99039154372;5979.1
78383;13420772329;5249.49
80870;97337399546;1933.16
77140;42237847313;6520.06
87087;79954949217;9008.21
74656;47285865704;6436.29
77145;22609709696;4698.75
63467;57302890901;1669.84
54768;81744758722;5068.58
32393;48826040220;7877.77
29906;70926066811;1362.33
22456;41508759512;8110.76
18721;52905920730;7414.29
49806;69584020229;6426.4
39862;59675307964;8823.07
37376;69073489824;8865.72
32405;29296785317;7707.52
59755;16268853411;6089.84
29925;85188793382;9957.96
80891;78829240789;6955.67
47330;28142076580;6096.9
92080;91075080161;4404.12
15016;75421050616;8158.22
42362;77532865767;2273.05
52308;51841801722;7805.92
39877;81110497779;637.72
82142;43347036868;6888.99
27446;33756165538;9189.32
11293;63899606995;751.1
93331;20004832491;9570.57
80903;89990741307;7995.84
79658;92696384328;2608.15
79661;12019695681;4005.4
46100;25912714519;2978.67
16271;93479391053;1292.52
62262;75446442823;8009.73
37401;54746116223;3469.43
36155;11602158141;7211.99
11303;94636167938;3535.62
70968;83740986200;379.48
31192;45105598281;6385.28
88372;45000781117;3069.91
13793;83173434948;3924.39
23729;10108159957;7226.81
92104;79778473620;4767.84
53571;60535283836;6705.6
66003;49835647498;5050.7
19990;95252967565;6846.08
64762;42947201865;5051.79
41145;82436887468;608.07
18773;33529812569;6549.99
13801;94390630394;6634.44
11316;29955406696;3774.3
74711;90529438020;3679.42
46119;86367827094;769.8
20021;85600629436;8373.62
74714;99472926829;8047.62
20007;92670572100;5652.02
64772;95684890606;9946.49
48613;68854765821;3561.73
12570;82484538086;195.35
89637;90581125844;7797.64
64776;93304192838;5743.17
99583;87005509938;9889.26
63533;42781131970;8888.01
52346;90147341518;295.21
44889;53412108235;9182.64
69755;95948074460;2480.25
95859;66902553737;2841.67
64785;71110632964;6642.63
38681;60799390483;7960.91
28737;26012132952;5814.24
23769;34390986922;4892.65
53601;17422721783;8597.58
12584;51692142603;7834.03
79707;82647635104;2139.48
75979;31735606420;8405.6
99597;81147018117;448.19
47392;90489241672;4087.76
38688;95844842691;3081.26
31230;50029197425;9800.64
57339;30163383271;742.89
28749;89574164073;3024.21
27500;53954958507;8523.03
47399;37385902336;693.3
88419;45266818962;1249.45
59833;99550641948;4419.89
26273;64258052257;936.47
78480;73160890900;6074.73
25032;41708981131;5496.68
18819;90642794812;8102.54
79726;33955859532;1015.65
36222;87322958944;6436.65
77244;19515637973;8024.4
84703;31273134758;498.79
97137;42225927073;1321.82
66062;58241027607;6672.96
26288;12604093880;7067.34
54875;31914715586;8942.85
73524;10674699922;3339.25
11375;95618474207;3744.69
97142;85959784591;2685.09
62340;65520655522;3862.64
61097;43674338235;2100.51
52395;29875656494;1489.41
73530;69912115805;2101.69
51150;61531502799;1210.13
44934;39574884838;9794.4
43695;85802799968;6996.03
21328;79972072022;2616.33
68562;56233709611;5827.08
36243;19866180189;1753.35
25062;28758223360;3487.05
57381;19655185762;7833.35
57382;24269878885;8452.77
46193;72349561473;3541.93
51169;53076665980;7897.0
39983;81100105950;5062.43
333333;32323232323;0.0
92192;51050854010;7837.85
23828;98740142843;9095.08
62361;41516018036;2581.97
94681;33571366308;9816.76
39985;36130578742;1922.09
15131;43203755085;3678.0
83497;87675040657;2931.85
17619;96351189284;7144.3
72310;37474216769;6724.01
74799;48019822448;3813.1
21351;23829819055;9284.73
57396;93848497835;2295.93
39996;92935934636;4450.65
21355;99633022235;9918.78
71075;50676482464;99.42
41245;34052669662;3473.82
90966;47451299055;4985.93
69835;57587568585;8270.48
11416;90847130077;8799.04
33791;92712292360;9106.45
93457;23947010666;3707.75
74813;84792770320;7721.93
54925;97203784495;1711.16
36282;37701448483;6081.52
27582;75405525916;8982.07
76059;21887214383;2671.99
30070;30405125736;7618.8
88492;49067250323;5775.32
44983;63324341715;8521.95
78550;24419045195;6743.34
42496;42654643750;9872.02
16402;83752860734;9742.63
37534;87764425853;3833.01
33808;96851837230;6851.27
95961;94455213799;3557.65
16410;46485743992;6033.49
33813;47720121441;7732.85
52459;42166899361;654.17
51218;66752612344;6186.93
15172;60152657643;2812.8
83538;14405552445;2446.88
95970;30760370446;3036.47
15176;30386789494;3270.73
12692;81192919826;1463.09
10208;28519627482;6348.52
31340;36576646997;8442.03
88518;21672583643;6083.47
17669;97106338879;1584.11
82303;11525684688;4023.35
93494;18445846341;4819.41
82305;43672982799;2623.17
31346;72170920280;6701.21
40048;78773488843;7235.96
37563;16088218361;8073.89
13946;66658509926;9989.4
93499;93213260185;5665.31
92253;69183052781;7108.4
81071;37905926437;9185.9
17680;92723572628;5153.12
79830;45357914208;2551.3
77331;92703537523;5076.19
79833;44755259307;5065.14
76089;72576162564;8918.87
77346;82527760477;1113.74
63668;49952008140;8366.43
58698;12884960661;301.58
58701;84875252264;9215.02
57463;57955176708;8292.93
46259;23951837947;6596.03
96000;29694417878;2522.12
89785;56470148066;3232.46
84815;20433308882;9515.64
74869;31974919638;7365.99
48764;34610907513;627.53
26397;81032709238;3915.66
53744;11588486899;7438.69
12726;41269925455;1702.49
22671;59989075477;7342.91
11484;14013526210;5268.99
45047;19285404269;2088.0
66178;86491945290;7060.04
18946;92818852750;3313.3
54991;93971571852;7949.21
94772;11478769823;7536.13
47540;59054698262;9393.74
43811;93202474701;9212.17
40083;60834684638;2822.79
27655;45804287825;6463.07
58730;92742410110;2936.95
79863;53415859139;5368.41
15228;34145713397;1802.18
13985;34917711779;2137.23
11499;60725738330;9139.44
56249;33198533311;5232.71
52523;78475537258;7484.48
23935;62240434875;9441.28
11507;40064028340;1630.72
96032;55616176651;8286.57
28911;32791792332;8020.75
88574;90513445399;2137.97
97278;50174050350;4120.42
23947;73802631871;7812.74
15246;70463760778;359.21
96041;96746559812;4254.52
92318;67177653952;329.48
91077;75648397494;7937.78
67462;70842057151;2781.27
11528;24229288923;9575.37
38875;55729951247;1642.28
62494;69441673623;2782.07
50065;55290280042;3583.38
77413;63821224827;510.03
31425;23588794209;7828.03
20239;81193146174;7230.01
94820;54880745472;1657.16
20242;19754873789;7586.55
14029;46270529608;4645.4
15275;62703273132;5972.13
84885;31174022522;8657.37
52570;74865890343;286.02
58785;41813690931;3967.07
26469;55449582004;1325.53
14039;42286686261;589.85
31444;22318977907;5436.49
48849;10566370496;3143.34
21503;34478785694;5408.81
37664;34493442547;6886.41
60038;98586308128;8616.86
81172;81079206682;330.64
56313;29441273722;6866.38
36427;78436840210;1092.45
53830;26615694959;7353.17
26483;27988810051;4098.32
42645;75268640716;4859.68
22757;48298286101;1614.01
89876;10759105170;1058.15
81182;83404044674;4898.14
61295;47437172306;8900.8
60053;34281767753;2050.86
55081;64605245943;1251.27
38922;42884021063;3249.93
35196;25146697752;5809.89
92373;74480767696;6904.54
87400;61945060615;4511.54
46386;15340929112;1371.5
72485;85203421874;1287.92
79949;62802531669;1131.25
68758;31547715861;138.95
17804;31348210351;6410.38
26511;23887695916;1339.51
88664;87156677914;6515.11
55104;94032263690;9645.09
57591;48772892783;8712.72
42676;88574152946;6179.26
25273;72423858186;5375.12
56351;25935323711;3489.99
29006;96550457157;7670.26
53867;29394848990;3689.41
26521;65294314247;8811.94
27766;46520299768;3537.73
45169;14203994736;9501.4
94889;73515816859;8605.16
91159;36154171190;6912.81
78732;42363725122;1386.92
71278;54949328651;1965.87
29017;56389908191;3135.73
88682;56114518758;8869.95
43935;67828361838;1071.85
79985;11955431110;1840.59
70041;31174977042;7021.07
92417;78970183974;6818.87
56371;83383614423;6702.59
14111;26301948533;2332.71
21571;66796410569;3794.33
86207;55877830728;1086.74
66321;51831790473;126.5
62592;52491876075;9742.75
52653;45672804104;4709.95
30279;46223194820;1124.63
31524;83764154685;1695.72
24064;71282980127;810.82
51414;74896146925;9565.19
19095;15964940720;2922.41
34014;71682440906;2036.71
37744;74818099265;9559.15
87458;15598584564;9934.87
71300;32957865145;7761.46
40234;45566928744;2805.01
14132;47816599186;5189.24
32778;25427752092;3230.66
16619;17118629030;6275.91
20350;13918277458;326.57
46454;85939896688;1902.87
81259;57159247144;6484.42
63858;18062938464;8631.54
35270;79976158840;6426.29
55159;51520942908;8814.12
78767;74854280075;3616.25
15385;11353663768;1327.04
61377;23930065350;7313.0
62621;16237289253;6099.3
36518;75531913861;9358.69
21604;37762801501;5227.03
56409;73084764522;6367.63
12903;99527629286;1383.55
17878;47152837680;120.11
85001;57799102059;3017.48
36525;70956095360;5735.95
34040;66737840900;4611.59
20367;70945191062;4578.49
16638;91910568791;5761.87
75062;22640751539;4022.85
67604;36041161584;9516.03
31557;69505881450;8862.09
99918;89135150349;2567.25
80018;41214932209;4746.75
93712;74393695466;1190.52
77534;80614762614;754.54
73808;50505887306;2367.49
65126;71514006168;1242.83
42752;99734753089;4742.29
98689;50750580503;831.38
56429;27013368002;8784.83
36542;22135014548;6347.47
15410;61691258211;5603.3
44002;14351227700;239.87
98693;61851139130;7002.92
21630;71322305915;3276.05
77566;21484317763;7629.87
92476;70295951285;4133.97
24119;73407804519;9842.45
19147;57470339815;1255.43
22878;50566002669;7919.5
86267;30493960057;9018.01
31581;45351186902;4451.19
58928;24816024823;5683.36
47741;36741210603;2462.96
80058;92404732129;9227.18
42772;44125433379;6709.04
68876;72942945539;6421.51
52719;50465615908;8089.16
21645;67946345165;6101.68
76339;13937837404;2479.16
97472;94640978222;1758.29
11707;41304162636;1359.95
27867;84817877700;2115.58
56458;15792709520;3029.19
39056;15601062266;8872.06
67647;47838650367;9688.71
85051;58248570349;7694.11
57706;30956795884;465.59
70137;88940345055;9832.47
62680;19716196412;1881.13
98727;63273846258;8941.63
25392;35469143731;7732.28
16692;92961967835;5310.23
20425;96222957340;3947.31
14210;96032625977;4322.56
61446;88984412167;9027.4
62690;60234661720;6311.46
50259;77793050604;4997.66
45287;15737300018;8929.22
86304;96117215424;7719.77
53995;60375407860;4271.53
34107;47752776559;2374.62
25407;27520750741;8302.03
97503;73947785423;7805.88
99992;52334046894;3643.25
92535;79635344122;9061.92
93779;63935714928;2988.77
20443;66269181649;4496.28
11742;72478174009;7369.48
99996;17839404366;2758.31
12989;14182607955;5858.21
76385;29000633652;2427.16
30396;16662051128;2394.99
96279;77544322382;8279.93
40347;29869673892;165.74
20459;76052023034;8727.62
10515;99712845231;8943.77
47808;76906226896;5976.58
87585;74308675852;9447.7
58998;41296691984;8410.69
77645;41648239173;9500.99
40357;60819066483;5436.77
80135;95405035609;1199.41
54032;47812362513;6216.46
55277;81382743448;2922.94
25448;88057050581;3687.6
51552;56725298294;862.75
81387;47125295276;8828.14
68957;87072559065;4330.48
24209;76331025687;3748.2
19240;64392792992;4219.82
70204;90384802813;265.48
59018;73242538250;1250.06
32914;77033597052;7794.08
29186;20555237780;1643.75
41619;35288503022;6736.27
61508;98263645997;6556.34
16755;40349784711;9370.22
13022;44849432572;3150.51
51567;35902771335;7010.53
52811;53783958587;2555.08
14275;68503183141;743.56
11779;49076885350;6153.68
18010;25572482658;9894.58
93819;81962110329;7139.2
42872;34407174517;1482.99
31689;45781982624;2606.73
41636;69545777207;1157.58
71469;36770264715;4144.03
15535;94358446362;7508.56
80174;40366996758;9076.44
10567;98100156074;5703.71
65261;92271395440;1304.14
42888;89386425521;6168.33
80179;81584611352;6060.66
60293;93996958965;5457.53
72725;74266043311;261.13
83913;99807433693;9848.34
97587;39383769211;4796.03
88886;15902396555;3956.89
67757;89536230469;490.58
64024;43960116298;2117.28
98834;39112788039;3412.59
51600;84709008471;323.89
50354;75282288794;8093.55
59061;57415799348;8643.11
46630;24335161996;4234.58
18041;98572210108;1915.7
32961;44494552503;275.04
18044;96695588949;3551.55
98842;89795053021;3080.92
75225;75251458064;7604.25
73983;33780049427;6080.34
71497;89409721876;7734.37
90145;17445496456;7523.77
72744;49196446051;7587.01
66529;85835335543;4808.94
97606;86412712410;1049.0
62796;24240772910;2372.69
83935;90052670371;4387.89
15565;39013118067;1933.73
10576;67740679061;5364.26
70265;81042138440;7050.03
77724;59150526130;4684.74
61566;29645085255;8307.57
14328;20339559244;4665.76
76487;54461528464;2783.79
66543;45212091569;8660.09
55357;49004483143;2100.59
93892;42125045143;2273.35
49144;58578201539;9139.94
41683;65338244396;454.82
40442;78592379462;1974.8
14340;61070147201;8303.36
69037;66843160471;8633.27
67795;61570716993;8782.19
70282;58670769065;6790.62
76498;54836193404;3077.09
67794;98257701276;3456.86
52879;87836308217;7573.96
42940;48685868566;6212.41
47913;67812257766;6161.5
51643;48986259235;5397.04
41691;72017648810;4670.82
40449;96480712422;653.45
39207;48829333620;2157.75
39215;99070701196;9196.75
77751;22419529696;2059.93
41705;94690036902;1679.5
76510;86318960990;1413.58
34242;79376117648;3177.64
24289;40785977835;8575.7
23056;33074200954;6054.4
54140;24910388775;391.35
92674;37496584269;9356.61
11866;62483791503;4269.7
25554;97825862848;9554.74
71546;69927576976;1182.81
71547;22135647711;9605.65
54144;26665507856;252.46
36744;32598566730;8106.4
57877;91137499235;3292.11
93930;58886106988;4386.44
33024;21332616453;4794.82
70315;97543361650;4107.6
51671;80818899074;2091.96
60373;58927586168;34.87
50430;71331472587;6107.58
54161;10790975970;9687.39
83995;82363778645;2242.27
46706;34573434726;1542.41
33037;79469883389;298.33
84001;25997627507;8988.13
95192;53223918438;377.95
77791;83746944365;8600.31
67847;69803698983;4545.18
59148;56465869757;9195.59
91468;64973965694;3555.87
47964;94587429793;5650.31
66610;73535112241;5815.8
30564;98472647714;7204.8
72827;61608007173;4792.52
86501;14390846495;4587.63
49211;96982426385;9893.16
34295;93790827886;961.63
14410;77621318069;9549.52
88991;92153419696;3861.5
80290;41405759614;8077.62
70347;46171187057;7821.5
55431;97851624884;7624.71
14411;99379224002;7257.02
81540;31623002908;2897.68
96457;17162772175;5618.54
80297;12248044559;5951.25
52952;41473334721;5946.9
49223;62110773268;44.87
46741;82899325579;1287.81
96462;54431832652;7692.02
81547;81065982076;7867.87
43007;66616859122;8417.9
97708;68916638843;3882.04
33064;16045594056;6500.31
95224;77399148015;5473.73
86524;13335880021;8789.04
76580;65544952821;461.26
65392;71160535283;5944.18
64152;26548321115;9559.98
81556;12811700468;9636.27
66641;70071697566;3629.17
62910;88263649286;423.53
56699;25105228659;3140.96
41779;68280983159;6470.97
64159;42740983705;1655.66
24362;88634963449;525.13
20661;85272664714;2258.78
56710;92204601220;3784.48
15691;49637590473;7419.67
98977;54187662647;5667.3
55472;75138135988;3612.75
52987;94330835572;3087.54
39316;69418005709;4466.73
34344;69558871333;5309.28
51748;18552112314;587.5
34347;16182130358;2438.49
54236;48183951482;5533.2
67911;80385186766;2280.51
56724;45424436426;3817.31
56727;18379465177;2037.24
46785;93073939210;1524.66
72890;33783061920;5533.75
56734;59850595192;6181.23
48033;79078428364;3467.72
67924;80002053341;2242.65
65438;79092511477;7965.28
71658;12098056904;3001.68
66690;15167687311;3697.2
92794;97896881067;4253.27
36860;41268607356;2993.98
60478;79834406105;7516.58
18218;87525287241;7590.16
46808;93011509588;281.87
82856;27300230908;3672.07
21949;39604101301;7739.72
36867;39167910552;6194.57
28167;11283950960;5949.43
50542;25887209372;9596.19
60487;85657539058;7142.23
41841;82840325324;674.68
82864;28832882106;1404.95
33146;93177544580;5627.49
28175;12633888069;9078.89
48064;55344363894;8350.85
51794;47794394800;1111.23
54281;36135579328;1307.78
53039;40499773007;508.1
43092;80194217153;3975.26
40609;46159646390;9530.5
38122;17024894267;5479.21
36878;83070261550;5492.52
85362;71339384956;4859.88
23213;16018111265;9197.01
19475;35653014287;7888.59
48075;68253487364;9998.3
66721;98589673987;535.77
80395;18989269085;8566.41
56779;74666812148;3255.33
26947;24038758898;677.56
25705;17403545392;7297.53
20727;94083827343;8395.84
23222;85280448341;6244.74
77915;61785762326;6986.01
74186;11113900669;6486.78
58027;12613515963;6613.29
50570;96292713314;2951.9
50573;67664164630;3124.02
69219;93565949292;5600.13
46841;28716247414;608.7
91595;50759348296;2682.44
65492;66192592870;9042.82
39382;12511912654;8388.08
92841;49139446631;378.2
91598;52254888852;9182.1
90356;59283466427;8852.95
67981;10556031981;5700.34
61769;81790667981;9902.83
36905;18464427237;3126.01
58043;66656309428;3067.59
28204;54117316081;9199.01
20744;20711492280;7136.59
87878;41391932453;4767.12
15754;93607530630;9330.74
20749;41443501827;7534.4
17017;45063702720;6436.95
13299;41354902179;8601.47
94099;63675568883;7644.92
77941;10955717259;4438.64
94101;16090931061;8493.54
69241;27004790887;1274.33
58055;92825835140;4854.01
49355;92575097671;1556.09
28225;92669303069;5053.07
17035;84364926714;482.61
12065;98135446475;3455.71
97838;75128568561;3997.73
38174;92173806797;2227.19
33202;73109186996;4514.16
15800;63176827794;4114.42
55580;50270130281;5798.59
55581;24944061621;5901.28
41909;94035374993;5723.15
79202;42416520305;9222.06
60557;56977644239;2442.68
86662;25712137538;926.78
40670;57544651612;7997.43
81692;42537630632;7958.18
74234;72006024885;5033.99
63048;33491757672;6518.35
55589;48856810953;4934.39
60565;33186453377;3678.23
26998;61583636403;4889.9
31978;74127144246;2492.03
23274;12400664045;3921.66
10840;77302985777;3145.18
10844;85175734977;4263.29
54356;66620613264;6031.9
96620;66671780287;3231.35
15825;53578635676;7880.83
77979;54720997148;750.47
50634;29843236280;4218.6
24532;13405734158;8570.29
84198;44059204181;4672.3
76741;71434205548;1397.91
58097;17564050076;6509.68
17076;36472731442;7598.3
18324;87520992452;4491.87
17081;79804533793;6039.92
34489;86735267600;2270.8
61837;56871118274;5289.33
41949;29120929183;1151.24
34491;15231739050;9931.19
80485;60758085610;3615.61
32007;85819210791;3891.9
40711;91948942683;8407.74
81731;92237441070;4914.79
63087;45711959111;8993.07
35739;79707488076;8712.73
46930;80320361168;4884.22
23311;52850678563;7205.14
20828;69394783447;4765.07
78008;45860950649;2976.95
48176;51906251487;1822.04
30775;98801467815;868.31
61852;48580888746;6445.88
23317;63702851482;4005.41
28293;86623890518;4106.2
18333;67095180812;3412.93
15851;99243086961;90.81
91689;67499458720;1276.96
41969;88037273243;8568.84
95420;64478963979;1030.3
35755;13649001330;9428.07
82992;30091831029;4510.11
80507;75310997399;6012.41
63105;11829122914;2966.58
78023;85374421219;3332.65
69322;46127057062;8148.87
73053;93061830526;5035.52
51917;23515311779;7494.87
76784;14764617763;7700.98
51920;35597883368;8732.47
46949;49859048827;9619.25
63114;39994990529;2503.59
75545;87110310467;5275.72
74302;26541602248;4071.92
66846;88076024674;3118.3
63116;86185880567;5488.4
46953;10243628651;9611.56
73064;46696232998;6609.71
85495;27058973052;7398.53
222222;12121212121;0.0
19602;46534817013;9259.23
70582;11408349066;8692.17
45722;55533297313;7563.98
73070;63450845723;955.7
70585;50602855569;6873.3
54426;49126659336;7402.5
22106;94091551985;7377.52
37027;47844678679;2486.24
18361;39267547917;108.0
17120;77924023195;103.74
14634;68848907443;7252.4
69349;37518430384;459.34
68107;98584273415;331.29
29574;61183646955;1233.54
68109;26106937989;7114.35
61895;43120324352;7382.98
96700;69564062273;5934.52
99187;27721432747;4620.61
80541;72357722603;2163.15
66868;82973598036;974.07
55681;15160616660;7201.07
53196;28380332094;2760.21
43251;26192885223;8319.99
39522;48719048152;6504.81
17139;49688524510;8993.05
91737;55834296517;6022.15
55691;95723633290;9561.7
10915;89551695498;4227.41
46992;62034848903;4975.49
65638;84426558064;2031.26
42021;71049262135;1263.16
65640;30596789478;7629.07
38293;89513706167;3471.06
38294;70946835338;3587.27
89260;78822188652;3800.27
39540;40270523266;8115.86
65645;83665049149;3097.99
18409;13970683701;1916.56
12170;60454891713;619.77
12187;39494222719;7819.64
15929;84535649412;9381.36
56949;20453169873;3298.79
19660;19929719704;5874.83
19662;78410743333;2041.61
73112;83157583887;6317.51
90515;40639399611;9973.85
64412;31120086912;9403.19
53225;82855942586;8390.71
53226;19302667878;1891.38
84304;25096104555;9090.85
44523;38262660091;9365.57
95493;49886033281;5143.05
32093;78373961977;9641.75
33338;83854299456;2180.53
20912;61203000168;3709.06
64425;74146080243;6360.25
64426;54095999508;9066.17
23406;78019594168;4325.08
23408;95182774117;8391.05
17192;85412543357;1364.31
79346;82299268863;3885.87
27141;35380137753;8745.79
25898;47558759703;3728.36
80592;71780645837;9293.83
49517;58617330208;581.7
91781;29361131758;9225.33
80598;32882916426;4763.32
69412;62698188050;4544.02
90544;18978916153;7093.8
58226;60521679000;7953.77
49525;26823679784;2798.22
60715;51713690169;6841.56
40826;72536266355;8137.12
88063;30759876295;4627.53
40829;80138984346;8536.16
22181;53296898794;3833.6
65692;57507102487;6549.66
50777;57610394328;5658.4
65694;51806806176;1224.21
35864;98619661295;4070.53
89315;17342106529;509.75
54511;25265067726;8596.14
53270;69920865711;7800.47
22193;69235834201;6299.08
78132;46268299799;3309.35
34628;69621710107;715.52
68190;96187256592;4573.26
49545;39700818743;4959.66
96781;40311426776;4233.6
42090;74821611032;3135.95
39603;48478552064;522.07
79382;42938706800;1762.39
29663;73599782968;2934.04
13501;35189098280;1984.97
14749;35705758424;5185.64
42097;81625684226;5305.59
55771;49154235639;5978.11
58259;89631970208;2301.58
86851;13518899630;96.78
63235;59075675944;9367.87
40865;54967497600;546.15
81886;42568799455;6585.82
49569;11616765543;6527.02
13521;73763975612;6909.47
57029;15977057581;21.58
11039;51062762595;2409.9
17255;10226750465;2229.19
52060;65650843733;9862.99
89351;89310077016;3942.78
89352;90533249585;8855.06
80651;38030199634;8761.94
79409;79459573701;9659.22
86869;17879798786;1185.77
83140;44818798087;1912.74
78168;69504678789;1530.38
78169;10097938438;3071.02
93088;54397780275;1727.96
70706;30941843035;5182.96
66983;19231141138;6270.89
80661;61701489630;9425.19
59522;95195463253;3368.4
98065;42614868669;3381.71
43359;83148984529;5858.05
42121;18924671119;1541.27
69479;22087905594;6652.41
94340;55211539856;2902.25
42119;56698549664;6629.44
39644;15421702389;5246.0
85642;48138343089;8094.64
38401;38463275422;3207.33
35924;27927673649;441.26
42140;98138699470;2188.37
69487;37868661363;8750.01
94348;89318516120;5622.49
73218;32679499251;9931.32
54572;40442954615;4178.24
28463;51096492431;9695.99
69492;74704998493;6202.09
19767;15778087361;690.12
17263;53835449474;3956.9
16026;96925787831;6135.93
14778;27760616035;7058.83
12303;82351187325;4470.84
11065;45541893901;4596.3
34695;23697326949;3435.35
34696;80086393434;102.02
19779;81607956706;2885.25
67016;23474511792;2707.13
86905;11845079478;8259.38
62045;72667399629;6908.83
12327;58379480844;6512.17
95609;69962062560;5354.56
63291;41980566993;5980.91
28488;92333127346;5834.95
35948;86614531333;9916.68
49622;88318950162;857.26
80698;70407747131;7661.35
54595;58518954207;9502.02
58328;76789705877;683.76
60815;75898231708;2318.35
28496;68204103035;7626.74
29742;28234241841;5651.28
68277;76259021008;2879.28
55848;57422843345;4398.17
80709;48916763288;9000.57
19800;39126227198;5124.24
57095;57646510006;4198.8
80713;71388605776;4578.52
33479;99339975703;6005.89
19807;62037153469;7666.9
44670;71838139833;8134.04
13595;45826034442;9655.9
83205;15340606921;5301.58
83206;54352021913;4542.63
93152;83326506503;7678.37
89424;93533849994;9183.42
45921;88906916945;88.06
34735;91094340887;332.87
19823;47742012519;7668.57
39713;57014352689;9277.52
93163;58750606596;5687.69
83220;91848668880;9362.18
50903;86458934111;6944.2
54633;85443811785;7620.51
53390;12908064832;5955.14
29770;95430685272;9088.11
48421;45915085309;6353.05
52151;99436237170;7100.6
83227;46753393371;7004.78
67068;41059065298;5804.97
40963;81373289170;4459.42
21075;17849944098;6833.83
14863;80500457256;2435.32
70805;37099342377;7233.15
68322;21335795937;1560.62
77025;42033771379;3512.8
13633;95967798998;6214.54
90701;79850735415;8522.3
33525;70285575746;7130.5
43471;43289741129;7419.18
59631;78628302124;6482.51
14882;94847244601;531.11
12396;94165406793;5241.2
98168;69296925449;8973.29
60879;43170191809;1673.69
54666;24247788866;3191.97
22348;92550664534;2316.04
72072;85195743576;5726.37
82017;71689376551;8825.05
39755;45736095219;121.31
37271;38966065173;3782.45
32298;58784179379;9750.19
27328;70738656590;4967.7
17382;56732654852;3168.94
91970;63813390503;2240.36
79541;70929956566;800.9
22363;20242036871;4458.6
16151;72666548819;3035.05
87003;41444782407;8209.46
78303;55197029487;3338.03
93220;10907926966;8987.81
62145;25470646890;4470.26
22371;27563228142;3565.16
